3.599977493286132726e-03 8.099999427795409601e-02 3.162000179290771484e-01 7.981999874114990012e-01 1.503000020980834961e+00 2.634400033950805575e+00 4.181199979782104670e+00 6.409600019454956055e+00 8.836000013351441140e+00 1.242300000190734899e+01
3.399991989135742274e-03 7.940001487731933316e-02 3.046000003814697266e-01 7.443999767303466353e-01 1.458599996566772417e+00 2.551800012588500977e+00 4.084400033950805309e+00 6.086999988555907848e+00 8.665199995040893555e+00 1.193039999008178675e+01
3.399991989135742274e-03 7.820000648498534601e-02 2.967999935150146262e-01 7.240000247955322710e-01 1.425199985504150391e+00 2.492799997329711914e+00 3.940000009536743342e+00 5.983199977874756215e+00 8.325199985504150746e+00 1.169959998130798340e+01
3.399991989135742274e-03 7.520003318786620816e-02 2.890000343322753906e-01 7.058000087738036665e-01 1.381199979782104403e+00 2.416999959945678622e+00 3.895199966430664240e+00 5.676399993896484197e+00 8.074999999999999289e+00 1.124260001182556223e+01
3.200006484985351389e-03 7.400002479553222101e-02 2.824000358581543191e-01 6.883999824523925337e-01 1.345399999618530185e+00 2.352600002288818271e+00 3.711400032043457031e+00 5.556200027465820312e+00 7.842600011825561879e+00 1.095999999046325613e+01
3.400039672851562327e-03 7.239999771118163507e-02 2.728000164031982311e-01 6.638000011444091797e-01 1.310400009155273438e+00 2.280799961090087979e+00 3.591000032424926935e+00 5.361600017547607067e+00 7.736000013351440607e+00 1.058740000724792552e+01
3.200006484985351389e-03 7.119998931884766180e-02 2.670000076293945201e-01 6.518000125885009544e-01 1.274200010299682662e+00 2.238199996948242010e+00 3.551400041580200284e+00 5.196600008010864080e+00 7.381599998474120738e+00 1.039899997711181712e+01
3.200006484985351389e-03 7.059998512268066129e-02 2.607999801635741965e-01 6.559999942779540794e-01 1.245399999618530318e+00 2.150799989700317383e+00 3.382600021362304865e+00 5.056800031661987660e+00 7.117199993133544567e+00 9.944999980926514382e+00
3.200006484985351389e-03 7.020001411437988559e-02 2.553999900817870983e-01 6.171999931335448997e-01 1.204199981689453081e+00 2.106200027465820135e+00 3.406400012969970525e+00 4.918400001525879084e+00 7.041800022125244141e+00 9.702400016784668679e+00
2.999973297119140452e-03 6.519999504089354914e-02 2.483999729156494141e-01 5.919999599456786665e-01 1.152000045776367276e+00 2.021400022506713690e+00 3.198200035095214666e+00 4.784400033950805486e+00 6.776399993896484730e+00 9.195800018310546164e+00
