0.000000000000000000e+00 1.399993896484375000e-02 1.219999790191650391e-01 3.340001106262207031e-01 5.829999446868896484e-01 1.029999971389770508e+00 1.527999877929687500e+00 2.006000041961669922e+00 2.754999876022338867e+00 3.446000099182128906e+00
9.999275207519531250e-04 2.690000534057617188e-01 1.530999898910522461e+00 3.776999950408935547e+00 7.116999864578247070e+00 1.211899995803833008e+01 1.715200018882751465e+01 2.408699989318847656e+01 3.196900010108947754e+01 4.098899984359741211e+01
3.000020980834960938e-03 5.119998455047607422e-01 2.881000041961669922e+00 7.292999982833862305e+00 1.360300016403198242e+01 2.274599981307983398e+01 3.256299996376037598e+01 4.645399999618530273e+01 6.020199990272521973e+01 7.855100011825561523e+01
3.999948501586914062e-03 7.599999904632568359e-01 4.276999950408935547e+00 1.068700003623962402e+01 2.051799988746643066e+01 3.299400019645690918e+01 4.876399993896484375e+01 6.700300002098083496e+01 8.875600004196166992e+01 1.155460000038146973e+02
4.999876022338867188e-03 1.000999927520751953e+00 5.819999933242797852e+00 1.448300004005432129e+01 2.717199993133544922e+01 4.344499993324279785e+01 6.446700000762939453e+01 8.906599998474121094e+01 1.169390001296997070e+02 1.522699999809265137e+02
6.999969482421875000e-03 1.235999822616577148e+00 7.111999988555908203e+00 1.817100000381469727e+01 3.287899994850158691e+01 5.441299986839294434e+01 7.928299999237060547e+01 1.110429999828338623e+02 1.476159999370574951e+02 1.895989999771118164e+02
7.999897003173828125e-03 1.503000020980834961e+00 8.434999942779541016e+00 2.134899997711181641e+01 3.983800005912780762e+01 6.466600012779235840e+01 9.454399991035461426e+01 1.323309998512268066e+02 1.733870000839233398e+02 2.254149999618530273e+02
9.000062942504882812e-03 1.731999874114990234e+00 9.640000104904174805e+00 2.449699997901916504e+01 4.566899991035461426e+01 7.488299989700317383e+01 1.102849998474121094e+02 1.531280000209808350e+02 2.016929998397827148e+02 2.595099999904632568e+02
1.099991798400878906e-02 1.982000112533569336e+00 1.119200015068054199e+01 2.772799992561340332e+01 5.190799999237060547e+01 8.465100002288818359e+01 1.262949998378753662e+02 1.735620000362396240e+02 2.324839999675750732e+02 3.000559999942779541e+02
1.300001144409179688e-02 2.226999998092651367e+00 1.257500004768371582e+01 3.164199995994567871e+01 5.884700012207031250e+01 9.578299999237060547e+01 1.415739998817443848e+02 1.934480001926422119e+02 2.598129999637603760e+02 3.271280000209808350e+02
